% This file was created with tikzplotlib v0.10.1.
\begin{tikzpicture}

\definecolor{darkgray176}{RGB}{176,176,176}
\definecolor{steelblue31119180}{RGB}{31,119,180}

\begin{axis}[
tick align=outside,
tick pos=left,
x grid style={darkgray176},
xlabel={t},
xmajorgrids,
xmin=-0.0565, xmax=1.1865,
xtick style={color=black},
y grid style={darkgray176},
ylabel={h(t)},
ymajorgrids,
ymin=-69.8713747128095, ymax=1468.69594936531,
ytick style={color=black}
]
\addplot [semithick, steelblue31119180]
table {%
0 9.42477796076938
0.01 6.88530600849306
0.02 5.03632176290663
0.03 3.69298694792134
0.04 2.71799027763431
0.05 2.01024620102641
0.06 1.4958871034467
0.07 1.12125177415671
0.08 0.847532412186432
0.09 0.646752365517367
0.1 0.498783030230495
0.11 0.389154915521209
0.12 0.307465204226303
0.13 0.246227108762865
0.14 0.200042779189028
0.15 0.16501105664495
0.16 0.138304506899632
0.17 0.117867846657573
0.18 0.102203118517052
0.19 0.0902167424021027
0.2 0.0811106986798144
0.21 0.0743052529083433
0.22 0.0693843404316306
0.23 0.0660573924627464
0.24 0.0641333052297789
0.25 0.0635036543778129
0.26 0.0641333052297789
0.27 0.0660573924627465
0.28 0.0693843404316306
0.29 0.0743052529083434
0.3 0.0811106986798145
0.31 0.0902167424021028
0.32 0.102203118517053
0.33 0.117867846657573
0.34 0.138304506899632
0.35 0.165011056644951
0.36 0.200042779189029
0.37 0.246227108762865
0.38 0.307465204226304
0.39 0.389154915521211
0.4 0.498783030230497
0.41 0.646752365517371
0.42 0.847532412186437
0.43 1.12125177415672
0.44 1.49588710344671
0.45 2.01024620102642
0.46 2.71799027763433
0.47 3.69298694792136
0.48 5.03632176290667
0.49 6.88530600849312
0.5 9.42477796076944
0.51 12.9008702736286
0.52 17.6371653344365
0.53 24.0527358646102
0.54 32.6809261757617
0.55 44.1868461507109
0.56 59.3804434874385
0.57 79.2207795404479
0.58 104.805949993881
0.59 137.342272476651
0.6 178.086330580968
0.61 228.254702862577
0.62 288.899161234603
0.63 360.750041114894
0.64 444.037220288113
0.65 538.305986373569
0.66 642.252675643221
0.67 753.610438543613
0.68 869.116724603507
0.69 984.589303988594
0.7 1095.12605680353
0.71 1195.42611232847
0.72 1280.20874821649
0.73 1344.68582997578
0.74 1385.02825156998
0.75 1398.76107099812
0.76 1385.02825156998
0.77 1344.68582997578
0.78 1280.20874821648
0.79 1195.42611232846
0.8 1095.12605680352
0.81 984.589303988585
0.820000000000001 869.116724603498
0.830000000000001 753.610438543603
0.840000000000001 642.252675643212
0.850000000000001 538.305986373559
0.860000000000001 444.037220288106
0.870000000000001 360.750041114887
0.880000000000001 288.899161234598
0.890000000000001 228.254702862572
0.900000000000001 178.086330580964
0.910000000000001 137.342272476648
0.920000000000001 104.805949993879
0.930000000000001 79.2207795404462
0.940000000000001 59.380443487437
0.950000000000001 44.1868461507098
0.960000000000001 32.6809261757608
0.970000000000001 24.0527358646096
0.980000000000001 17.637165334436
0.990000000000001 12.9008702736283
1 9.42477796076918
1.01 6.88530600849293
1.02 5.03632176290652
1.03 3.69298694792127
1.04 2.71799027763425
1.05 2.01024620102637
1.06 1.49588710344668
1.07 1.12125177415669
1.08 0.847532412186417
1.09 0.646752365517355
1.1 0.498783030230486
1.11 0.389154915521202
1.12 0.307465204226298
1.13 0.24622710876286
};
\end{axis}

\end{tikzpicture}
